goal_angles:
    hatch_panel_angles: [0.0, 0.501782159948, 1.57079632679, 2.63981049364, 3.64337481354, 4.71238898038, 5.78140314723, 6.28318530718]
    cargo_angles: [0.0, 1.57079632679, 4.71238898038]
    nothing_angles: [3.14159265359]
