image_width: 1440
image_height: 1080
camera_name: narrow_stereo
camera_matrix:
  rows: 3
  cols: 3
  data: [800.94805,   0.     , 740.11192,
           0.     , 801.21343, 558.70488,
           0.     ,   0.     ,   1.     ]
distortion_model: plumb_bob
distortion_coefficients:
  rows: 1
  cols: 5
  data: [-0.394068, 0.135062, 0.000524, 0.001604, 0.000000]
rectification_matrix:
  rows: 3
  cols: 3
  data: [1., 0., 0.,
         0., 1., 0.,
         0., 0., 1.]
projection_matrix:
  rows: 3
  cols: 4
  data: [594.01735,   0.     , 743.6958 ,   0.     ,
           0.     , 626.3522 , 571.02412,   0.     ,
           0.     ,   0.     ,   1.     ,   0.     ]
