image_width: 1600
image_height: 1300
camera_name: ov2311
camera_matrix:
  rows: 3
  cols: 3
  data: [906.70094,   0.     , 813.38645,
           0.     , 906.05068, 646.68191,
           0.     ,   0.     ,   1.     ]
distortion_model: plumb_bob
distortion_coefficients:
  rows: 1
  cols: 5
  data: [0.036720, -0.047291, -0.001302, -0.000170, 0.000000]
rectification_matrix:
  rows: 3
  cols: 3
  data: [1., 0., 0.,
         0., 1., 0.,
         0., 0., 1.]
projection_matrix:
  rows: 3
  cols: 4
  data: [906.60642,   0.     , 813.85017,   0.     ,
           0.     , 911.8641 , 644.83252,   0.     ,
           0.     ,   0.     ,   1.     ,   0.     ]
