[LEFT_CAM_2K]
fx=1403.58
fy=1403.58
cx=1120.81
cy=661.048
k1=-0.175239
k2=0.027523
p1=0
p2=0

[RIGHT_CAM_2K]
fx=1396.46
fy=1396.46
cx=1097.46
cy=587.035
k1=-0.172257
k2=0.0252069
p1=0
p2=0

[LEFT_CAM_FHD]
fx=1403.58
fy=1403.58
cx=976.809
cy=580.048
k1=-0.175239
k2=0.027523
p1=0
p2=0

[RIGHT_CAM_FHD]
fx=1396.46
fy=1396.46
cx=953.457
cy=506.035
k1=-0.172257
k2=0.0252069
p1=0
p2=0

[LEFT_CAM_HD]
fx=701.79
fy=701.79
cx=646.904
cy=378.524
k1=-0.175239
k2=0.027523
p1=0
p2=0

[RIGHT_CAM_HD]
fx=698.232
fy=698.232
cx=635.229
cy=341.517
k1=-0.172257
k2=0.0252069
p1=0
p2=0

[LEFT_CAM_VGA]
fx=350.895
fy=350.895
cx=338.952
cy=196.762
k1=-0.175239
k2=0.027523
p1=0
p2=0

[RIGHT_CAM_VGA]
fx=349.116
fy=349.116
cx=333.114
cy=178.259
k1=-0.172257
k2=0.0252069
p1=0
p2=0

[STEREO]
Baseline=63
CV_2K=0.00116809
CV_FHD=0.00116809
CV_HD=0.00116809
CV_VGA=0.00116809
RX_2K=-0.000332446
RX_FHD=-0.000332446
RX_HD=-0.000332446
RX_VGA=-0.000332446
RZ_2K=0.0011857
RZ_FHD=0.0011857
RZ_HD=0.0011857
RZ_VGA=0.0011857



