[LEFT_CAM_2K]
fx=1056.24
fy=1055.38
cx=1103.28
cy=627.259
k1=-0.042958
k2=0.0105794
p1=-0.000295701
p2=5.91611e-05
k3=-0.0049643

[RIGHT_CAM_2K]
fx=1057.8
fy=1056.92
cx=1107.29
cy=625.722
k1=-0.0429441
k2=0.0109447
p1=-0.000273393
p2=0.000465643
k3=-0.00498891

[LEFT_CAM_FHD]
fx=1056.24
fy=1055.38
cx=959.28
cy=546.259
k1=-0.042958
k2=0.0105794
p1=-0.000295701
p2=5.91611e-05
k3=-0.0049643

[RIGHT_CAM_FHD]
fx=1057.8
fy=1056.92
cx=963.29
cy=544.722
k1=-0.0429441
k2=0.0109447
p1=-0.000273393
p2=0.000465643
k3=-0.00498891

[LEFT_CAM_HD]
fx=528.12
fy=527.69
cx=638.14
cy=361.6295
k1=-0.042958
k2=0.0105794
p1=-0.000295701
p2=5.91611e-05
k3=-0.0049643

[RIGHT_CAM_HD]
fx=528.9
fy=528.46
cx=640.145
cy=360.861
k1=-0.0429441
k2=0.0109447
p1=-0.000273393
p2=0.000465643
k3=-0.00498891

[LEFT_CAM_VGA]
fx=264.06
fy=263.845
cx=334.57
cy=188.31475
k1=-0.042958
k2=0.0105794
p1=-0.000295701
p2=5.91611e-05
k3=-0.0049643

[RIGHT_CAM_VGA]
fx=264.45
fy=264.23
cx=335.5725
cy=187.9305
k1=-0.0429441
k2=0.0109447
p1=-0.000273393
p2=0.000465643
k3=-0.00498891

[STEREO]
Baseline=119.572
TY=-0.0340644
TZ=-0.0312081
CV_2K=0.00278655
CV_FHD=0.00278655
CV_HD=0.00278655
CV_VGA=0.00278655
RX_2K=0.00353276
RX_FHD=0.00353276
RX_HD=0.00353276
RX_VGA=0.00353276
RZ_2K=-0.000276532
RZ_FHD=-0.000276532
RZ_HD=-0.000276532
RZ_VGA=-0.000276532

