[LEFT_CAM_2K]
fx=1060.22
fy=1060.02
cx=1113.18
cy=621.051
k1=-0.0414513
k2=0.0097052
p1=-0.00014156
p2=0.000671092
k3=-0.00485765

[RIGHT_CAM_2K]
fx=1058.39
fy=1058.03
cx=1102.37
cy=607.753
k1=-0.0434083
k2=0.0126653
p1=-0.000101808
p2=-2.73641e-05
k3=-0.00591397

[LEFT_CAM_FHD]
fx=1060.22
fy=1060.02
cx=969.18
cy=540.051
k1=-0.0414513
k2=0.0097052
p1=-0.00014156
p2=0.000671092
k3=-0.00485765

[RIGHT_CAM_FHD]
fx=1058.39
fy=1058.03
cx=958.37
cy=526.753
k1=-0.0434083
k2=0.0126653
p1=-0.000101808
p2=-2.73641e-05
k3=-0.00591397

[LEFT_CAM_HD]
fx=530.11
fy=530.01
cx=643.09
cy=358.5255
k1=-0.0414513
k2=0.0097052
p1=-0.00014156
p2=0.000671092
k3=-0.00485765

[RIGHT_CAM_HD]
fx=529.195
fy=529.015
cx=637.685
cy=351.8765
k1=-0.0434083
k2=0.0126653
p1=-0.000101808
p2=-2.73641e-05
k3=-0.00591397

[LEFT_CAM_VGA]
fx=265.055
fy=265.005
cx=337.045
cy=186.76275
k1=-0.0414513
k2=0.0097052
p1=-0.00014156
p2=0.000671092
k3=-0.00485765

[RIGHT_CAM_VGA]
fx=264.5975
fy=264.5075
cx=334.3425
cy=183.43825
k1=-0.0434083
k2=0.0126653
p1=-0.000101808
p2=-2.73641e-05
k3=-0.00591397

[STEREO]
Baseline=120
TY=-0.154079
TZ=-0.151334
CV_2K=-0.00281995
CV_FHD=-0.00281995
CV_HD=-0.00281995
CV_VGA=-0.00281995
RX_2K=-0.000996399
RX_FHD=-0.000996399
RX_HD=-0.000996399
RX_VGA=-0.000996399
RZ_2K=0.00124356
RZ_FHD=0.00124356
RZ_HD=0.00124356
RZ_VGA=0.00124356

