[LEFT_CAM_2K]
fx=1058.17
fy=1057.3
cx=1099.79
cy=612.487
k1=-0.040188
k2=0.00890923
p1=-0.000679627
p2=-0.000311831
k3=-0.0047021

[RIGHT_CAM_2K]
fx=1056.68
fy=1055.76
cx=1093.13
cy=611.376
k1=-0.0424551
k2=0.010553
p1=-0.000502801
p2=-0.000131289
k3=-0.0050235

[LEFT_CAM_FHD]
fx=1058.17
fy=1057.3
cx=955.79
cy=531.487
k1=-0.040188
k2=0.00890923
p1=-0.000679627
p2=-0.000311831
k3=-0.0047021

[RIGHT_CAM_FHD]
fx=1056.68
fy=1055.76
cx=949.13
cy=530.376
k1=-0.0424551
k2=0.010553
p1=-0.000502801
p2=-0.000131289
k3=-0.0050235

[LEFT_CAM_HD]
fx=529.085
fy=528.65
cx=636.395
cy=354.2435
k1=-0.040188
k2=0.00890923
p1=-0.000679627
p2=-0.000311831
k3=-0.0047021

[RIGHT_CAM_HD]
fx=528.34
fy=527.88
cx=633.065
cy=353.688
k1=-0.0424551
k2=0.010553
p1=-0.000502801
p2=-0.000131289
k3=-0.0050235

[LEFT_CAM_VGA]
fx=264.5425
fy=264.325
cx=333.6975
cy=184.62175
k1=-0.040188
k2=0.00890923
p1=-0.000679627
p2=-0.000311831
k3=-0.0047021

[RIGHT_CAM_VGA]
fx=264.17
fy=263.94
cx=332.0325
cy=184.344
k1=-0.0424551
k2=0.010553
p1=-0.000502801
p2=-0.000131289
k3=-0.0050235

[STEREO]
Baseline=119.993
TY=-0.0324374
TZ=-0.21049
CV_2K=0.000201195
CV_FHD=0.000201195
CV_HD=0.000201195
CV_VGA=0.000201195
RX_2K=-0.00119048
RX_FHD=-0.00119048
RX_HD=-0.00119048
RX_VGA=-0.00119048
RZ_2K=0.000257326
RZ_FHD=0.000257326
RZ_HD=0.000257326
RZ_VGA=0.000257326

