[LEFT_CAM_2K]
fx=1057.89
fy=1056.84
cx=1115.62
cy=585.976
k1=-0.0409595
k2=0.00860526
k3=-0.00429503
p1=0.000209693
p2=0.000237899

[RIGHT_CAM_2K]
fx=1056.87
fy=1056.09
cx=1115.99
cy=578.755
k1=-0.0426911
k2=0.0123355
k3=-0.00564517
p1=8.7733e-05
p2=2.52151e-05

[LEFT_CAM_FHD]
fx=1057.89
fy=1056.84
cx=971.62
cy=504.976
k1=-0.0409595
k2=0.00860526
k3=-0.00429503
p1=0.000209693
p2=0.000237899

[RIGHT_CAM_FHD]
fx=1056.87
fy=1056.09
cx=971.99
cy=497.755
k1=-0.0426911
k2=0.0123355
k3=-0.00564517
p1=8.7733e-05
p2=2.52151e-05

[LEFT_CAM_HD]
fx=528.945
fy=528.42
cx=644.31
cy=340.988
k1=-0.0409595
k2=0.00860526
k3=-0.00429503
p1=0.000209693
p2=0.000237899

[RIGHT_CAM_HD]
fx=528.435
fy=528.045
cx=644.495
cy=337.3775
k1=-0.0426911
k2=0.0123355
k3=-0.00564517
p1=8.7733e-05
p2=2.52151e-05

[LEFT_CAM_VGA]
fx=264.4725
fy=264.21
cx=337.655
cy=177.994
k1=-0.0409595
k2=0.00860526
k3=-0.00429503
p1=0.000209693
p2=0.000237899

[RIGHT_CAM_VGA]
fx=264.2175
fy=264.0225
cx=337.7475
cy=176.18875
k1=-0.0426911
k2=0.0123355
k3=-0.00564517
p1=8.7733e-05
p2=2.52151e-05

[STEREO]
Baseline=119.867
TY=-0.139178
TZ=-0.337352
CV_2K=-0.00338937
CV_FHD=-0.00338937
CV_HD=-0.00338937
CV_VGA=-0.00338937
RX_2K=0.00210314
RX_FHD=0.00210314
RX_HD=0.00210314
RX_VGA=0.00210314
RZ_2K=1.45868e-05
RZ_FHD=1.45868e-05
RZ_HD=1.45868e-05
RZ_VGA=1.45868e-05

