[LEFT_CAM_2K]
fx=1053.64
fy=1052.9
cx=1120.27
cy=630.895
k1=-0.0419412
k2=0.00987871
p1=-0.000503394
p2=0.000241394
k3=-0.00467789

[RIGHT_CAM_2K]
fx=1050.19
fy=1049.99
cx=1122.42
cy=629.597
k1=-0.0385326
k2=0.00763857
p1=-0.000364946
p2=-0.000189619
k3=-0.00409082

[LEFT_CAM_FHD]
fx=1053.64
fy=1052.9
cx=976.27
cy=549.895
k1=-0.0419412
k2=0.00987871
p1=-0.000503394
p2=0.000241394
k3=-0.00467789

[RIGHT_CAM_FHD]
fx=1050.19
fy=1049.99
cx=978.42
cy=548.597
k1=-0.0385326
k2=0.00763857
p1=-0.000364946
p2=-0.000189619
k3=-0.00409082

[LEFT_CAM_HD]
fx=526.82
fy=526.45
cx=646.635
cy=363.4475
k1=-0.0419412
k2=0.00987871
p1=-0.000503394
p2=0.000241394
k3=-0.00467789

[RIGHT_CAM_HD]
fx=525.095
fy=524.995
cx=647.71
cy=362.7985
k1=-0.0385326
k2=0.00763857
p1=-0.000364946
p2=-0.000189619
k3=-0.00409082

[LEFT_CAM_VGA]
fx=263.41
fy=263.225
cx=338.8175
cy=189.22375
k1=-0.0419412
k2=0.00987871
p1=-0.000503394
p2=0.000241394
k3=-0.00467789

[RIGHT_CAM_VGA]
fx=262.5475
fy=262.4975
cx=339.355
cy=188.89925
k1=-0.0385326
k2=0.00763857
p1=-0.000364946
p2=-0.000189619
k3=-0.00409082

[STEREO]
Baseline=119.725
TY=-0.0261636
TZ=0.257472
CV_2K=0.000956171
CV_FHD=0.000956171
CV_HD=0.000956171
CV_VGA=0.000956171
RX_2K=0.000712623
RX_FHD=0.000712623
RX_HD=0.000712623
RX_VGA=0.000712623
RZ_2K=-0.000731499
RZ_FHD=-0.000731499
RZ_HD=-0.000731499
RZ_VGA=-0.000731499

[MISC]
Sensor_ID=0

