[LEFT_CAM_2K]
fx=1060.04
fy=1059.46
cx=1086.44
cy=622.486
k1=-0.0416131
k2=0.00958217
p1=-0.000414683
p2=-0.000147761
k3=-0.00475783

[RIGHT_CAM_2K]
fx=1056.92
fy=1056.44
cx=1103.62
cy=614.435
k1=-0.043978
k2=0.0122388
p1=1.69216e-05
p2=-5.88541e-05
k3=-0.00547707

[LEFT_CAM_FHD]
fx=1060.04
fy=1059.46
cx=942.44
cy=541.486
k1=-0.0416131
k2=0.00958217
p1=-0.000414683
p2=-0.000147761
k3=-0.00475783

[RIGHT_CAM_FHD]
fx=1056.92
fy=1056.44
cx=959.62
cy=533.435
k1=-0.043978
k2=0.0122388
p1=1.69216e-05
p2=-5.88541e-05
k3=-0.00547707

[LEFT_CAM_HD]
fx=530.02
fy=529.73
cx=629.72
cy=359.243
k1=-0.0416131
k2=0.00958217
p1=-0.000414683
p2=-0.000147761
k3=-0.00475783

[RIGHT_CAM_HD]
fx=528.46
fy=528.22
cx=638.31
cy=355.2175
k1=-0.043978
k2=0.0122388
p1=1.69216e-05
p2=-5.88541e-05
k3=-0.00547707

[LEFT_CAM_VGA]
fx=265.01
fy=264.865
cx=330.36
cy=187.1215
k1=-0.0416131
k2=0.00958217
p1=-0.000414683
p2=-0.000147761
k3=-0.00475783

[RIGHT_CAM_VGA]
fx=264.23
fy=264.11
cx=334.655
cy=185.10875
k1=-0.043978
k2=0.0122388
p1=1.69216e-05
p2=-5.88541e-05
k3=-0.00547707

[STEREO]
Baseline=119.758
TY=-0.0273525
TZ=-0.141182
CV_2K=-0.000667067
CV_FHD=-0.000667067
CV_HD=-0.000667067
CV_VGA=-0.000667067
RX_2K=0.0037093
RX_FHD=0.0037093
RX_HD=0.0037093
RX_VGA=0.0037093
RZ_2K=-0.00125699
RZ_FHD=-0.00125699
RZ_HD=-0.00125699
RZ_VGA=-0.00125699

