[LEFT_CAM_2K]
fx=1053.27
fy=1052.95
cx=1135.73
cy=598.25
k1=-0.0419871
k2=0.0111333
k3=-0.00526231
p1=-0.000225698
p2=0.000263764

[RIGHT_CAM_2K]
fx=1054.73
fy=1053.95
cx=1079.53
cy=654.264
k1=-0.0435982
k2=0.0115523
k3=-0.0052808
p1=-0.000128881
p2=7.66978e-05

[LEFT_CAM_FHD]
fx=1053.27
fy=1052.95
cx=991.73
cy=517.25
k1=-0.0419871
k2=0.0111333
k3=-0.00526231
p1=-0.000225698
p2=0.000263764

[RIGHT_CAM_FHD]
fx=1054.73
fy=1053.95
cx=935.53
cy=573.264
k1=-0.0435982
k2=0.0115523
k3=-0.0052808
p1=-0.000128881
p2=7.66978e-05

[LEFT_CAM_HD]
fx=526.635
fy=526.475
cx=654.365
cy=347.125
k1=-0.0419871
k2=0.0111333
k3=-0.00526231
p1=-0.000225698
p2=0.000263764

[RIGHT_CAM_HD]
fx=527.365
fy=526.975
cx=626.265
cy=375.132
k1=-0.0435982
k2=0.0115523
k3=-0.0052808
p1=-0.000128881
p2=7.66978e-05

[LEFT_CAM_VGA]
fx=263.3175
fy=263.2375
cx=342.6825
cy=181.0625
k1=-0.0419871
k2=0.0111333
k3=-0.00526231
p1=-0.000225698
p2=0.000263764

[RIGHT_CAM_VGA]
fx=263.6825
fy=263.4875
cx=328.6325
cy=195.066
k1=-0.0435982
k2=0.0115523
k3=-0.0052808
p1=-0.000128881
p2=7.66978e-05

[STEREO]
Baseline=120.291
TY=0.186733
TZ=-0.430069
CV_2K=-0.00793778
CV_FHD=-0.00793778
CV_HD=-0.00793778
CV_VGA=-0.00793778
RX_2K=-0.0026021
RX_FHD=-0.0026021
RX_HD=-0.0026021
RX_VGA=-0.0026021
RZ_2K=-0.000660002
RZ_FHD=-0.000660002
RZ_HD=-0.000660002
RZ_VGA=-0.000660002

