[LEFT_CAM_FHD1200]
fx = 735.558
fy = 735.476
cx = 970.129
cy = 622.143


[RIGHT_CAM_FHD1200]
fx = 734.721
fy = 734.432
cx = 957.409
cy = 610.113


[LEFT_CAM_FHD]
fx = 735.558
fy = 735.476
cx = 970.129
cy = 562.143


[RIGHT_CAM_FHD]
fx = 734.721
fy = 734.432
cx = 957.409
cy = 550.113


[LEFT_CAM_SVGA]
fx = 367.779
fy = 367.738
cx = 485.0645
cy = 311.0715


[RIGHT_CAM_SVGA]
fx = 367.3605
fy = 367.216
cx = 478.7045
cy = 305.0565


[LEFT_DISTO]
k1 = 0.272952
k2 = 0.273788
k3 = -0.0181237
k4 = 0.272576
k5 = 0.329427
k6 = -0.0175103
p1 = -0.000185114
p2 = 0.000168466


[RIGHT_DISTO]
k1 = 1.79043
k2 = 1.76127
k3 = 0.334923
k4 = 1.79438
k5 = 1.7876
k6 = 0.481768
p1 = -0.000163095
p2 = -0.000231879


[STEREO]
Baseline = 120.037
TY = 0.0763884
TZ = -0.0457334
CV_FHD = 0.00399028
CV_SVGA = 0.00399028
CV_FHD1200 = 0.00399028
RX_FHD = -0.00366354
RX_SVGA = -0.00366354
RX_FHD1200 = -0.00366354
RZ_FHD = -0.000792168
RZ_SVGA = -0.000792168
RZ_FHD1200 = -0.000792168


[MISC]
Sensor_ID = 1


[LEFT_CAM_VGA]
fx = 351.250000
fy = 351.250000
cx = 334.250000
cy = 186.250000


[RIGHT_CAM_VGA]
fx = 351.250000
fy = 351.250000
cx = 334.250000
cy = 186.250000
