[LEFT_CAM_FHD1200]
fx = 734.081
fy = 733.627
cx = 967.45
cy = 631.061


[RIGHT_CAM_FHD1200]
fx = 734.362
fy = 733.97
cx = 979.286
cy = 611.649


[LEFT_CAM_FHD]
fx = 734.081
fy = 733.627
cx = 967.45
cy = 571.061


[RIGHT_CAM_FHD]
fx = 734.362
fy = 733.97
cx = 979.286
cy = 551.649


[LEFT_CAM_SVGA]
fx = 367.0405
fy = 366.8135
cx = 483.725
cy = 315.5305


[RIGHT_CAM_SVGA]
fx = 367.181
fy = 366.985
cx = 489.643
cy = 305.8245


[LEFT_DISTO]
k1 = 0.753594
k2 = 0.796861
k3 = 0.102684
k4 = 0.758395
k5 = 0.838914
k6 = 0.154861
p1 = -0.000170755
p2 = 0.000186997


[RIGHT_DISTO]
k1 = 1.40795
k2 = 1.72187
k3 = 0.29436
k4 = 1.41939
k5 = 1.74058
k6 = 0.434663
p1 = 0.00025321
p2 = 0.000249021


[STEREO]
Baseline = 120.121
TY = 0.0782453
TZ = -0.697297
CV_FHD = -0.00184254
CV_SVGA = -0.00184254
CV_FHD1200 = -0.00184254
RX_FHD = -0.00404478
RX_SVGA = -0.00404478
RX_FHD1200 = -0.00404478
RZ_FHD = -0.000429466
RZ_SVGA = -0.000429466
RZ_FHD1200 = -0.000429466


[MISC]
Sensor_ID = 1


[LEFT_CAM_VGA]
fx = 351.250000
fy = 351.250000
cx = 334.250000
cy = 186.250000


[RIGHT_CAM_VGA]
fx = 351.250000
fy = 351.250000
cx = 334.250000
cy = 186.250000
