[LEFT_CAM_FHD1200]
fx = 737.201
fy = 736.99
cx = 938.008
cy = 636.837


[RIGHT_CAM_FHD1200]
fx = 736.46
fy = 736.118
cx = 966.717
cy = 602.29


[LEFT_CAM_FHD]
fx = 737.201
fy = 736.99
cx = 938.008
cy = 576.837


[RIGHT_CAM_FHD]
fx = 736.46
fy = 736.118
cx = 966.717
cy = 542.29


[LEFT_CAM_SVGA]
fx = 368.6005
fy = 368.495
cx = 469.004
cy = 318.4185


[RIGHT_CAM_SVGA]
fx = 368.23
fy = 368.059
cx = 483.3585
cy = 301.145


[LEFT_DISTO]
k1 = 0.698907
k2 = 0.696613
k3 = 0.0867009
k4 = 0.70174
k5 = 0.741344
k6 = 0.129707
p1 = -0.00022898
p2 = -0.000155212


[RIGHT_DISTO]
k1 = 1.37798
k2 = 1.2172
k3 = 0.24262
k4 = 1.38265
k5 = 1.25392
k6 = 0.341867
p1 = -1.06852e-05
p2 = 0.000186814


[STEREO]
Baseline = 119.992
TY = -0.163131
TZ = -0.0347617
CV_FHD = 0.00223376
CV_SVGA = 0.00223376
CV_FHD1200 = 0.00223376
RX_FHD = 0.000127466
RX_SVGA = 0.000127466
RX_FHD1200 = 0.000127466
RZ_FHD = 0.00049667
RZ_SVGA = 0.00049667
RZ_FHD1200 = 0.00049667


[MISC]
Sensor_ID = 1


[LEFT_CAM_VGA]
fx = 351.250000
fy = 351.250000
cx = 334.250000
cy = 186.250000


[RIGHT_CAM_VGA]
fx = 351.250000
fy = 351.250000
cx = 334.250000
cy = 186.250000
