[LEFT_CAM_FHD1200]
fx = 736.311
fy = 736.103
cx = 965.97
cy = 621.902


[RIGHT_CAM_FHD1200]
fx = 734.316
fy = 734.12
cx = 936.285
cy = 611.828


[LEFT_CAM_FHD]
fx = 736.311
fy = 736.103
cx = 965.97
cy = 561.902


[RIGHT_CAM_FHD]
fx = 734.316
fy = 734.12
cx = 936.285
cy = 551.828


[LEFT_CAM_SVGA]
fx = 368.1555
fy = 368.0515
cx = 482.985
cy = 310.951


[RIGHT_CAM_SVGA]
fx = 367.158
fy = 367.06
cx = 468.1425
cy = 305.914


[LEFT_DISTO]
k1 = 0.328728
k2 = 0.472967
k3 = 0.0166495
k4 = 0.331134
k5 = 0.519075
k6 = 0.0346587
p1 = -4.48495e-05
p2 = -0.000130498


[RIGHT_DISTO]
k1 = 0.403763
k2 = 0.628646
k3 = 0.0458372
k4 = 0.406254
k5 = 0.67081
k6 = 0.0770693
p1 = -0.000168085
p2 = -0.000213785


[STEREO]
Baseline = 119.972
TY = 0.0120781
TZ = 0.75493
CV_FHD = 0.00859766
CV_SVGA = 0.00859766
CV_FHD1200 = 0.00859766
RX_FHD = -0.000216463
RX_SVGA = -0.000216463
RX_FHD1200 = -0.000216463
RZ_FHD = -0.000334483
RZ_SVGA = -0.000334483
RZ_FHD1200 = -0.000334483


[MISC]
Sensor_ID = 1


[LEFT_CAM_VGA]
fx = 351.250000
fy = 351.250000
cx = 334.250000
cy = 186.250000


[RIGHT_CAM_VGA]
fx = 351.250000
fy = 351.250000
cx = 334.250000
cy = 186.250000
