[LEFT_CAM_FHD1200]
fx = 735.957
fy = 735.79
cx = 973.637
cy = 603.59


[RIGHT_CAM_FHD1200]
fx = 736.44
fy = 736.176
cx = 988.927
cy = 606.252


[LEFT_CAM_FHD]
fx = 735.957
fy = 735.79
cx = 973.637
cy = 543.59


[RIGHT_CAM_FHD]
fx = 736.44
fy = 736.176
cx = 988.927
cy = 546.252


[LEFT_CAM_SVGA]
fx = 367.9785
fy = 367.895
cx = 486.8185
cy = 301.795


[RIGHT_CAM_SVGA]
fx = 368.22
fy = 368.088
cx = 494.4635
cy = 303.126


[LEFT_DISTO]
k1 = 0.438258
k2 = 0.986189
k3 = 0.080267
k4 = 0.446508
k5 = 1.0133
k6 = 0.139028
p1 = -6.56174e-05
p2 = 7.52105e-05


[RIGHT_DISTO]
k1 = 1.09941
k2 = 1.43721
k3 = 0.190077
k4 = 1.10672
k5 = 1.46485
k6 = 0.294867
p1 = -0.000109446
p2 = 0.000137105


[STEREO]
Baseline = 119.971
TY = 0.0331978
TZ = -0.037794
CV_FHD = 0.00362951
CV_SVGA = 0.00362951
CV_FHD1200 = 0.00362951
RX_FHD = -0.00360133
RX_SVGA = -0.00360133
RX_FHD1200 = -0.00360133
RZ_FHD = 0.000864546
RZ_SVGA = 0.000864546
RZ_FHD1200 = 0.000864546


[MISC]
Sensor_ID = 1


[LEFT_CAM_VGA]
fx = 351.250000
fy = 351.250000
cx = 334.250000
cy = 186.250000


[RIGHT_CAM_VGA]
fx = 351.250000
fy = 351.250000
cx = 334.250000
cy = 186.250000
